<1>
1, 158, 1422, 766

<2>
1, 158, 1422, 766

<3>
1, 158, 1422, 766

<4>
1, 158, 1422, 766

<5>
1, 158, 1422, 766

<6>
1, 158, 1422, 766

<7>
1, 158, 1422, 766

<8>
303, 175, 1119, 766
303, 271, 1119, 766
0, 0, 1440, 789
1, 158, 1422, 766
1, 766, 1439, 788

<9>
303, 175, 1119, 766
303, 271, 1119, 766
0, 0, 1440, 789
1, 158, 1422, 766
1, 766, 1439, 788

<10>
1, 158, 1422, 766

<11>
8, 8, 1432, 31

<12>
1, 158, 1422, 766

<13>
1, 158, 1422, 766

<14>
1, 158, 1422, 766

<15>
303, 175, 1119, 766
303, 271, 1119, 766
0, 0, 1440, 789
1, 158, 1422, 766
1, 766, 1439, 788

<16>
1, 65, 1414, 158
387, 35, 458, 65
1, 66, 166, 157
8, 8, 30, 30
8, 8, 1432, 31
575, 35, 626, 65
240, 35, 302, 65
523, 35, 574, 65
81, 3, 109, 32
303, 35, 386, 65
667, 42, 947, 59
138, 2, 1097, 35
635, 35, 953, 64
1, 35, 60, 64
121, 35, 176, 65
16, 3, 44, 32
459, 35, 522, 65
51, 68, 99, 91
9, 68, 51, 105
16, 1, 138, 35
177, 35, 239, 65
61, 35, 120, 65
1, 1, 1439, 158
61, 35, 1439, 65
45, 3, 70, 32

<17>
1, 65, 1414, 158
387, 35, 458, 65
1, 66, 166, 157
8, 8, 30, 30
8, 8, 1432, 31
575, 35, 626, 65
240, 35, 302, 65
523, 35, 574, 65
81, 3, 109, 32
303, 35, 386, 65
667, 42, 947, 59
138, 2, 1097, 35
635, 35, 953, 64
1, 35, 60, 64
121, 35, 176, 65
16, 3, 44, 32
1, 158, 1422, 766
459, 35, 522, 65
51, 68, 99, 91
9, 68, 51, 105
16, 1, 138, 35
177, 35, 239, 65
61, 35, 120, 65
1, 1, 1439, 158
61, 35, 1439, 65
45, 3, 70, 32

<18>
1, 65, 1414, 158
303, 271, 1119, 766
9, 68, 51, 105
1, 66, 166, 157
51, 91, 108, 114
0, 0, 1440, 789
1, 158, 1422, 766
9, 105, 51, 137
303, 175, 1119, 766
121, 35, 176, 65
51, 68, 99, 91
1, 766, 1439, 788
61, 35, 120, 65

<19>
303, 175, 1119, 766
303, 271, 1119, 766
0, 0, 1440, 789
1, 158, 1422, 766
1, 766, 1439, 788

<20>
303, 175, 1119, 766
303, 271, 1119, 766
0, 0, 1440, 789
1, 158, 1422, 766
1, 766, 1439, 788

<21>
1, 158, 1422, 766

<22>
1, 158, 1422, 766

<23>
1, 158, 1422, 766

<24>
1, 158, 1422, 766

<25>
-7, 127, 1447, 774
0, 0, 1440, 789
1, 1, 1439, 158
8, 8, 1432, 31
303, 175, 1119, 766
1, 65, 1414, 158
1, 158, 1422, 766
61, 35, 1439, 65
303, 271, 1119, 766
138, 2, 1097, 35
1, 766, 1439, 788

<26>
1, 65, 1414, 158
9, 68, 51, 105
1, 66, 166, 157
-7, 127, 1447, 774
51, 91, 108, 114
0, 0, 1440, 789
1, 158, 1422, 766
1, 35, 60, 64
121, 35, 176, 65
51, 68, 99, 91
9, 105, 51, 137
1, 1, 1439, 158
61, 35, 120, 65
61, 35, 1439, 65

<27>
1, 65, 1414, 158
9, 68, 51, 105
8, 8, 30, 30
8, 8, 1432, 31
110, 3, 138, 32
1, 66, 166, 157
-7, 127, 1447, 774
51, 91, 108, 114
0, 0, 1440, 789
81, 3, 109, 32
16, 3, 44, 32
138, 2, 1097, 35
1, 35, 60, 64
121, 35, 176, 65
1, 158, 1422, 766
51, 68, 99, 91
16, 1, 138, 35
1, 1, 1439, 158
61, 35, 120, 65
61, 35, 1439, 65
70, 3, 80, 32
45, 3, 70, 32

<28>
-7, 127, 1447, 774
1, 158, 1422, 766

<29>
-7, 127, 1447, 774
1, 158, 1422, 766

<30>
-7, 127, 1447, 774
1, 158, 1422, 766

<31>
1, 65, 1414, 158
8, 8, 1432, 31
9, 68, 51, 105
1, 66, 166, 157
-7, 127, 1447, 774
51, 91, 108, 114
110, 3, 138, 32
1, 158, 1422, 766
0, 0, 1440, 789
138, 2, 1097, 35
1, 35, 60, 64
121, 35, 176, 65
9, 105, 51, 137
16, 1, 138, 35
61, 35, 120, 65
61, 35, 1439, 65

<32>
1, 65, 1414, 158
9, 68, 51, 105
8, 8, 30, 30
8, 8, 1432, 31
110, 3, 138, 32
1, 66, 166, 157
-7, 127, 1447, 774
51, 91, 108, 114
0, 0, 1440, 789
81, 3, 109, 32
16, 3, 44, 32
138, 2, 1097, 35
1, 35, 60, 64
121, 35, 176, 65
1, 158, 1422, 766
51, 68, 99, 91
9, 105, 51, 137
16, 1, 138, 35
1, 1, 1439, 158
61, 35, 120, 65
61, 35, 1439, 65
70, 3, 80, 32
45, 3, 70, 32

<33>
1, 65, 1414, 158
-7, 127, 1447, 774
1, 66, 166, 157
9, 105, 51, 137
1, 158, 1422, 766

<34>
9, 105, 51, 137
0, 0, 1440, 789
-7, 127, 1447, 774
51, 68, 99, 91
1, 65, 1414, 158
1, 158, 1422, 766
1, 66, 166, 157
9, 68, 51, 105
51, 91, 108, 114

<35>

<36>
1, 65, 1414, 158
8, 8, 30, 30
8, 8, 1432, 31
9, 68, 51, 105
1, 66, 166, 157
-7, 127, 1447, 774
51, 91, 108, 114
0, 0, 1440, 789
1, 158, 1422, 766
1, 35, 60, 64
51, 68, 99, 91
9, 105, 51, 137
1, 1, 1439, 158

